# Results from a CRB simulation
# Number of qubits
1
# RB length // Success counts // Total counts // Circuit depth // Circuit two-qubit gate count
0 499 500 2 0
10 493 500 15 0
20 483 500 40 0
30 478 500 47 0
50 474 500 93 0
100 446 500 174 0
200 401 500 343 0
400 344 500 683 0
0 496 500 2 0
10 496 500 22 0
20 485 500 37 0
30 477 500 61 0
50 477 500 86 0
100 450 500 174 0
200 397 500 327 0
400 368 500 681 0
0 498 500 5 0
10 493 500 19 0
20 490 500 40 0
30 487 500 56 0
50 464 500 96 0
100 451 500 185 0
200 417 500 335 0
400 350 500 671 0
0 499 500 4 0
10 494 500 22 0
20 487 500 36 0
30 483 500 46 0
50 469 500 94 0
100 452 500 192 0
200 400 500 363 0
400 357 500 704 0
0 499 500 5 0
10 494 500 23 0
20 486 500 37 0
30 491 500 48 0
50 474 500 81 0
100 446 500 173 0
200 394 500 327 0
400 341 500 713 0
0 499 500 2 0
10 495 500 17 0
20 489 500 35 0
30 479 500 58 0
50 472 500 86 0
100 444 500 193 0
200 416 500 340 0
400 359 500 668 0
0 500 500 2 0
10 496 500 23 0
20 491 500 39 0
30 481 500 52 0
50 477 500 81 0
100 458 500 181 0
200 399 500 333 0
400 349 500 679 0
0 496 500 5 0
10 495 500 18 0
20 488 500 42 0
30 479 500 53 0
50 478 500 83 0
100 463 500 169 0
200 402 500 341 0
400 353 500 694 0
0 499 500 4 0
10 492 500 21 0
20 490 500 29 0
30 483 500 54 0
50 473 500 94 0
100 441 500 183 0
200 409 500 350 0
400 364 500 663 0
0 498 500 5 0
10 494 500 22 0
20 492 500 40 0
30 479 500 58 0
50 452 500 88 0
100 451 500 175 0
200 416 500 347 0
400 357 500 687 0
0 498 500 5 0
10 488 500 21 0
20 489 500 35 0
30 485 500 58 0
50 475 500 77 0
100 438 500 178 0
200 416 500 342 0
400 353 500 672 0
0 500 500 4 0
10 496 500 18 0
20 488 500 35 0
30 480 500 62 0
50 472 500 79 0
100 449 500 175 0
200 393 500 356 0
400 355 500 690 0
0 499 500 2 0
10 497 500 22 0
20 487 500 36 0
30 480 500 55 0
50 466 500 93 0
100 449 500 176 0
200 410 500 342 0
