# Results from a DRB simulation
# Number of qubits
1
# RB length // Success counts // Total counts // Circuit depth // Circuit two-qubit gate count
0 500 500 5 0
10 498 500 13 0
20 491 500 22 0
30 490 500 35 0
50 480 500 52 0
100 473 500 102 0
200 440 500 203 0
400 398 500 402 0
0 497 500 6 0
10 496 500 14 0
20 491 500 25 0
30 492 500 34 0
50 484 500 53 0
100 477 500 103 0
200 455 500 203 0
400 407 500 401 0
0 499 500 5 0
10 493 500 14 0
20 492 500 23 0
30 494 500 34 0
50 484 500 54 0
100 465 500 103 0
200 433 500 205 0
400 394 500 405 0
0 498 500 3 0
10 495 500 15 0
20 492 500 23 0
30 490 500 34 0
50 485 500 53 0
100 466 500 102 0
200 442 500 203 0
400 405 500 403 0
0 498 500 3 0
10 497 500 12 0
20 493 500 22 0
30 490 500 32 0
50 473 500 52 0
100 468 500 102 0
200 431 500 204 0
400 387 500 404 0
0 498 500 3 0
10 493 500 12 0
20 497 500 22 0
30 491 500 33 0
50 491 500 51 0
100 462 500 101 0
200 442 500 206 0
400 391 500 404 0
0 496 500 6 0
10 493 500 16 0
20 488 500 23 0
30 490 500 34 0
50 485 500 53 0
100 467 500 102 0
200 434 500 203 0
400 400 500 402 0
0 500 500 1 0
10 497 500 13 0
20 490 500 23 0
30 483 500 33 0
50 480 500 52 0
100 468 500 103 0
200 439 500 202 0
400 397 500 405 0
0 499 500 4 0
10 494 500 15 0
20 492 500 24 0
30 488 500 33 0
50 477 500 53 0
100 466 500 104 0
200 446 500 202 0
400 391 500 404 0
0 498 500 1 0
10 495 500 14 0
20 490 500 25 0
30 487 500 31 0
50 480 500 53 0
100 467 500 103 0
200 440 500 204 0
400 391 500 402 0
0 500 500 3 0
10 496 500 12 0
20 492 500 22 0
30 488 500 33 0
50 491 500 53 0
100 469 500 103 0
200 435 500 202 0
400 401 500 403 0
0 500 500 3 0
10 496 500 14 0
20 494 500 22 0
30 493 500 32 0
50 490 500 52 0
100 473 500 103 0
200 446 500 203 0
400 402 500 404 0
0 500 500 1 0
10 498 500 11 0
20 492 500 25 0
30 492 500 33 0
50 485 500 53 0
100 482 500 105 0
200 438 500 204 0
400 403 500 406 0
0 500 500 2 0
10 497 500 12 0
20 497 500 23 0
30 490 500 33 0
50 482 500 52 0
100 464 500 101 0
200 436 500 203 0
400 395 500 403 0
0 499 500 2 0
10 498 500 13 0
20 495 500 22 0
30 482 500 35 0
50 479 500 52 0
100 466 500 105 0
200 437 500 203 0
400 400 500 402 0
0 495 500 5 0
10 495 500 12 0
20 490 500 22 0
30 494 500 32 0
50 482 500 51 0
100 473 500 102 0
200 440 500 202 0
400 412 500 403 0
0 500 500 5 0
10 493 500 14 0
20 494 500 23 0
30 486 500 31 0
50 476 500 55 0
100 472 500 101 0
200 451 500 204 0
400 398 500 402 0
0 500 500 2 0
10 491 500 16 0
20 497 500 23 0
30 491 500 34 0
50 481 500 54 0
100 464 500 102 0
200 442 500 202 0
400 388 500 404 0
0 500 500 3 0
10 497 500 13 0
20 492 500 23 0
30 489 500 33 0
50 477 500 54 0
100 472 500 103 0
200 430 500 204 0
400 382 500 403 0
0 500 500 1 0
10 496 500 15 0
20 491 500 24 0
30 485 500 33 0
50 485 500 51 0
100 463 500 103 0
200 426 500 204 0
400 380 500 403 0
