# Results from a CRB simulation
# Number of qubits
1
# RB length // Success counts // Total counts // Circuit depth // Circuit two-qubit gate count
0 495 500 2 0
10 488 500 20 0
20 492 500 40 0
30 477 500 60 0
50 470 500 87 0
100 456 500 172 0
200 399 500 351 0
400 338 500 693 0
0 498 500 2 0
10 495 500 22 0
20 491 500 38 0
30 484 500 53 0
50 466 500 92 0
100 440 500 187 0
200 419 500 336 0
400 363 500 678 0
0 499 500 2 0
10 494 500 19 0
20 490 500 38 0
30 483 500 56 0
50 474 500 92 0
100 446 500 175 0
200 419 500 347 0
400 342 500 699 0
0 499 500 2 0
10 492 500 23 0
20 483 500 44 0
30 484 500 46 0
50 467 500 95 0
100 450 500 160 0
200 414 500 339 0
400 358 500 660 0
0 500 500 0 0
10 494 500 21 0
20 492 500 37 0
30 477 500 57 0
50 472 500 88 0
100 451 500 171 0
200 392 500 349 0
400 352 500 708 0
0 499 500 5 0
10 490 500 24 0
20 492 500 43 0
30 491 500 51 0
50 469 500 85 0
100 455 500 167 0
200 423 500 337 0
400 341 500 676 0
0 500 500 2 0
10 496 500 15 0
20 486 500 42 0
30 482 500 48 0
50 478 500 84 0
100 439 500 175 0
200 401 500 344 0
400 366 500 680 0
0 499 500 2 0
10 493 500 19 0
20 492 500 29 0
30 483 500 57 0
50 474 500 93 0
100 430 500 184 0
200 424 500 314 0
400 345 500 691 0
0 500 500 5 0
10 492 500 21 0
20 488 500 33 0
30 470 500 66 0
50 472 500 79 0
100 440 500 165 0
200 420 500 351 0
400 334 500 693 0
0 499 500 2 0
10 496 500 22 0
20 492 500 47 0
30 483 500 53 0
50 470 500 82 0
100 459 500 177 0
