# Results from a CRB simulation
# Number of qubits
2
# RB length // Success counts // Total counts // Circuit depth // Circuit two-qubit gate count
0 493 500 11 2
10 433 500 93 30
20 408 500 134 43
30 357 500 231 72
50 303 500 378 122
100 235 500 648 209
200 132 500 1318 417
400 123 500 2632 837
0 495 500 18 5
10 432 500 83 27
20 412 500 140 45
30 376 500 204 63
50 317 500 317 97
100 184 500 699 227
200 158 500 1269 397
400 122 500 2630 828
0 491 500 9 2
10 444 500 85 29
20 402 500 148 48
30 358 500 228 72
50 324 500 324 103
100 206 500 650 198
200 130 500 1318 425
400 141 500 2569 803
0 485 500 14 4
