N=50 J = 100 NQ = 3 sigma = 0.015
0.9805724515679387
0.9775041171526685
0.9754059406266492
0.9753502077459701
0.9798684849398169
0.9802751757122092
0.9780005894327723
0.9765224177688822
0.9762722596950881
0.9758204895174762
0.9762519573436821
0.9803921042600776
0.9772351327645866
0.9795165293738693
0.9771757817864563
0.9785565400837748
0.9765530113573793
0.975607195633735
0.9771926761855677
0.9788370257316086
0.9790991291990657
0.9796380477159196
0.9807709787981813
0.9779946744591739
0.9800207290885132
0.9796875489023057
0.9775799234809763
0.97950772060357
0.9767171034179113
0.9806898399003028
0.976789250433783
0.9807059667694138
0.9791811991239899
0.9788759497541253
0.9794138925133855
0.9783539649520762
0.9774334443517755
0.9774572483778324
0.9767156570507943
0.9767482300024493
0.9802373308846032
0.9775214647263768
0.9783799361442267
0.979887870508569
0.9791788511943759
0.9796077752810894
0.9768896383195624
0.9769870961233006
0.9771305337828214
0.9785265572584007
0.9792994139617909
0.9781438347627693
0.9792744546223625
0.9798632454850691
0.9813675313966326
0.9763639615369317
0.9797422290746955
0.977040129404821
0.9760702508082604
0.9792904106221916
0.9788819122722738
0.9787290449462048
0.9782365795518428
0.9782879738929406
0.97821445027863
0.9788968697089014
0.9797725573134776
0.9815742436238583
0.9749311274996006
0.98064363712602
0.9772466936996043
0.9797520718255768
0.9799284576723827
0.9788803787539009
0.9777512458214102
0.9797197159906925
0.9768173283509638
0.9765025567817479
0.9747466133765903
0.9793700268058381
0.9752695312676605
0.9733179348543082
0.9735405674471412
0.9759624328044625
0.9744363999045076
0.9788266951831551
0.9795058601781714
0.9779203163909662
0.9782558799427629
0.9792561054384363
0.9799453788017606
0.9802746976195792
0.9747094729859956
0.9797501020017207
0.977036653403729
0.9813293836492327
0.9803011294342625
0.9763242916818561
0.9770516453467587
0.9787777583939803
0.9788866253192958
0.9774130999967464
0.9724086543615542
0.9753519901250374
0.9799049914023182
0.9770574587272192
0.9780153388907968
0.9752629407569667
0.975668025831003
0.9805491750312971
0.975984751436817
0.9772892923574085
0.9799971110537129
0.9759585248129716
0.9776671488631368
0.9779380870331855
0.9775353665105508
0.9767724117273427
0.9802117116337228
0.9785208474885252
0.975583248068211
0.9781230342439031
0.9765497970126797
0.9793140947077339
0.9767487248815881
0.9765188563721473
0.9755378528862204
0.9788498885975307
0.9806912286588708
0.9798534499050326
0.9782384688551555
0.9780859755198676
0.977988552504184
0.9781792255254292
0.9781366311751232
0.9789762847571112
0.9781459992873249
0.979603468562454
0.9781852605710799
0.9781597722237055
0.9752420874716896
0.9787870855851756
0.9785787601859406
0.9784379670076003
0.9788362896143267
0.9808780689300763
0.9760831983546976
0.9795248642729694
0.9764887392108266
0.9770579037337597
0.9766468448182678
0.9787353586511859
0.9787245043939876
0.9763915767643606
0.9784352614655114
0.9796274808014606
0.9784064197634704
0.9785135670907452
0.9760144783032432
0.9767704171670278
0.9767957029233336
0.9816743437732137
0.9774689112266891
0.9810692698758569
0.9791209803342115
0.9772612226969112
0.978797060470028
0.9796779723649071
0.9767011972338626
0.9790748499727188
0.9789769738059642
0.9788195283585737
0.9795239441333032
0.9781906088937842
0.9769150171718318
0.9789009711538873
0.97766352580836
0.9773973258423664
0.9792333514187238
0.9792245948366001
0.9766912561773057
0.9787695114740582
0.9755155648407109
0.9796916164996077
0.9775945834405203
0.9773008489660606
0.9781135424632725
0.9789034557806962
0.9790748653344608
0.9779304076168152
0.9811018136710484
0.9799591191436917
0.9753430193172308
0.976895698266215
0.9782039438387932
0.9749154030599476
0.9795688191950613
0.9787944673212227
0.9758951125426755
0.9789142469160975
0.9775568498483901
0.9781419118076203
0.9807313683343949
0.9777519098499335
0.9784708066575537
0.9763424048840651
0.9782380087178717
0.9783888204087122
0.9773578032179812
0.9782610235011819
0.9816141330724331
0.9788702561649829
0.9792357411030373
0.9765185613689268
