Iont Trap N=50 J = 100 NQ = 1 sigma = 0.015
0.9810585783388345
0.9797236626484593
0.9721944573369394
0.9816650834307105
0.976821997562598
0.9792245003386993
0.9787945916029581
0.9764771364141215
0.9802445592617043
0.9800875075426997
0.9836574799119504
0.9836315255299765
0.9829432325313238
0.976835300009684
0.9766954854050418
0.9857924814656804
0.9859740454241299
0.9750867162908113
0.9796952869908739
0.977327005170229
0.9840709652593925
0.9747162761465641
0.9852148499937334
0.9772578786987114
0.9769309711311608
0.98248791527614
0.9741561219216599
0.976106992232123
0.9843537534488987
0.9775451665686806
0.9809515878041465
0.9848605675818939
0.9770297381131406
0.9800591819201281
0.9791021029437811
0.976952057344884
0.9818664597695631
0.9756206051833841
0.9764043974232812
0.9831786475403496
0.9760898031234652
0.9788981390546166
0.9711813753127484
0.9762911625838742
0.9852937111827604
0.9809314089890309
0.9817156081467777
0.9852450259712048
0.9738521122267104
0.9803981944321793
0.9867378010946319
0.9775466921040856
0.9804484867681551
0.9829737324720352
0.9812337894548796
0.9820603008109403
0.9775810009718416
0.9837450598782105
0.9805044555628228
0.9792656988953682
0.9799554882581998
0.9814044177532172
0.9835827954377724
0.984559934812694
0.9788162376329765
0.9810620821726075
0.9774819745272558
0.9782181299284938
0.9804112972307744
0.9751850611467862
0.9878558412675347
0.9829172646329346
0.9815946295420501
0.9795160315146925
0.9814866446816879
0.9792433787250137
0.9750771790032526
0.9858728234252077
0.9835657004041807
0.9764572628323585
0.9794295211253307
0.9771256229452031
0.9794541552161286
0.9810422129731913
0.9736894004111545
0.9832159002363405
0.9791567291955746
0.9817964235715588
0.9768539892473891
0.9833848570551555
0.9830366268851588
0.9801754420759174
0.97881928940208
0.9826028328408382
0.9862597795046694
0.9794059665764933
0.9765272471355001
0.9768591933395634
0.9814687419244027
0.9822008781330438
0.9809175103354829
0.9785293692162195
0.9722814802838476
0.9843290126685535
0.9840605950452628
0.9831686478379007
0.9816162372365728
0.9779351254881523
0.9783558006626074
0.966936393453716
0.9821122099474782
0.9819478633247549
0.9825874670528298
0.977143933694697
0.9827012312364438
0.9793617696501733
0.9747312076994471
0.9857147244545859
0.9805784913847004
0.9787348536796042
0.9828223592557674
0.9749565987191505
0.9824498187046591
0.9737339567015679
0.9795314602835244
0.981240773395193
0.9817322284497326
0.9800036733993432
0.976665226743586
0.9830031148304842
0.9827425555854491
0.9775945566138765
0.9847088053648754
0.9783075396586226
0.9770253991996111
0.9828027639039283
0.9780406995851928
0.9789690712094109
0.9779310295766247
0.9813131387944535
0.9833210822416436
0.9787666150424669
0.9822607981563864
0.9810620729379522
0.9765291138864873
0.9758526985848994
0.9824238927917248
0.9790048853189265
0.9790804830649
0.9770280812694139
0.9767714210441983
0.9779018760886677
0.9816247213745041
0.9809091677190108
0.9777954482528101
0.9847280702364515
0.9732509371231344
0.9768750242880904
0.975165545256528
0.9816575154858116
0.9842725469205207
0.9791517495744
0.982432443454992
0.9798565471161664
0.9774045943945309
0.9769435607751036
0.9798056460317625
0.9782129339474741
0.9789414760336068
0.9770882783898007
0.9759022228581354
0.9761120634413798
0.9806345079942922
0.9815487423914269
0.9838273319912091
0.977879877832286
0.9753257130699298
0.9828770147756783
0.9754100271014005
0.977463630792514
0.9806903140448714
0.9811160260701226
0.9827722932032301
0.9761377213779839
0.9804454918188503
0.9817875890085098
0.9845581977582705
0.9822918753820739
0.9786437583414778
0.9838587014907023
0.9787014089816312
0.9747680915074668
0.986754820526079
0.9778807507006685
0.9766614953509583
0.979967027115534
0.9810087980199634
0.9790114162621519
0.9805942812948565
0.981495233784436
0.9763880830292849
0.9847808503040253
0.9826950832125906
0.9758521052398028
0.9796017426832644
0.9809297619160562
0.9829023250538128
0.9793910481357375
0.9729370845235903
0.9864452853512741
0.9776328924563183
0.9783784212413105
0.9820508872014052
0.9769918974480558
0.9800800357145631
0.9764682262669069
0.979222476306603
0.9818155566723951
0.980136260386685
0.9805634256490553
0.9808029322891321
0.9802524581171638
0.9820919510997649
0.9789366433670389
0.9761600188856571
0.981504882551437
0.9795653711590182
0.9828563903381249
0.9805902440675672
0.97739814554542
0.9819354692908024
0.9812828642954449
0.9755479158586737
0.981648893619395
0.978549054873133
0.9757218266763461
0.9819660208522258
0.9784755738888039
0.9755436606367098
0.9745475871349814
0.9786574113671014
0.9870625690418757
0.9814431599231047
0.9803487031385533
0.9733017867368298
0.9804713260081295
0.9810186564708862
0.9842990999762398
0.9876534048185728
0.9819243093329969
0.9819461366375983
0.9774767756614517
0.9864644854158026
0.9779060213675748
0.9805389742733394
0.9804835486020849
0.9709123297922204
0.9729514628192999
0.9769270597037648
0.9831496370020761
0.9782270817777516
0.9765701843462155
0.9786690384849205
0.9840826735637946
0.9826108111785204
0.9786059736578622
0.9845193160938364
0.9763912218226642
0.98204917199787
0.9778816978442285
0.9788761510128041
0.9760288502410858
0.9838741465544455
0.982025463357579
0.9860906651031681
0.9803832618002564
0.9848753950497805
0.9802368747717017
0.9789222744370148
0.9804239193997114
0.9811814614617468
0.9844326920455667
0.9811075077283631
0.9754872231420972
0.9810370055944966
0.9801153841456661
0.9796127585977987
0.9768391194304915
0.9852080662188497
0.983879606327136
0.9771507297993307
0.9830362779239138
0.9788000115479385
0.976195562488644
0.9812479230015185
0.9778554624819122
0.9732584577310206
0.9824648414703973
0.9784970677624011
0.9824123506259633
0.9806366998406236
0.9797158439836753
0.9745842864778106
0.9843389104318725
0.9809231705578639
0.9832936035041224
0.9756155790119238
0.9829512401145415
0.9810844994435902
0.977172732512143
0.9782106581616634
0.9806477719761081
0.9812839524031871
0.9786832092823649
0.9838283128931105
0.982158014399102
0.9821385773353657
0.9795911870918215
0.9833009120003492
0.9813630057685464
0.9812110503269268
0.9773417749926986
0.97988815683707
0.9743341147907539
0.9812064906642013
0.9793450210719186
0.9795360283262879
0.9752372960859766
0.9800787836222185
0.9824389422928061
0.9745714836923396
0.9771121345880712
0.9789130597823025
0.9772874909839111
0.9829891161292094
0.9853260515071824
0.9745296984816122
0.979807994408614
0.9796821997002862
0.9791513214732034
0.9756548255638339
0.9806060130496114
0.979066904049575
0.9824316490731293
0.9758494395064312
0.9817423572503294
0.9807246259677355
0.9766295716461467
0.9788180426581706
0.9784263562894533
0.9783120029907445
0.983420438544186
0.9727004130296631
0.9817201218267642
0.9782269595174904
0.9851717269736165
0.980431009283065
0.9816727523680068
0.9766161716291958
0.9830734418357392
0.9858853261805954
0.9781530887970584
0.980520726389527
0.9796447773454667
0.9779282677224433
0.9739581909294648
0.9825638549930379
0.9790686935586248
0.9815683302099975
0.9769739563372711
0.9798455989299903
0.9864986726229121
0.9799716747458543
0.9774539801655376
0.9819047126805174
0.9785809830201794
0.9806876571975015
0.9863713192563793
0.9850330385216374
0.9806003314017709
0.9856118474709191
0.9819289023023451
0.9827265628200337
0.9839530211564939
0.9801392916189221
0.9801587981638327
0.9811850578527789
0.9779669541003047
0.981592560458214
0.9802540189954213
0.9771433083296976
0.9831138119232334
0.9746815903231847
0.9831525417122574
0.9815337375558082
0.9747288559845185
0.9732448766085171
0.9778564308883214
0.9854856552395287
0.9822219234510878
0.980972432253079
0.982891961720679
0.9793442470340854
0.9822170814859079
0.9797599900349805
0.9768837946807968
0.9805784017130441
0.9818984327610449
0.971531993794316
0.9746508531771113
0.9812327643759143
0.9835602618991992
0.9839353240936906
0.9804803689898195
0.9790371653510487
0.9821036283176265
0.9828494907688434
0.9781888700638565
0.9832988506368399
0.9812736761947077
0.9782868825842893
0.9821178138714649
0.9828818018361541
0.9767903375715032
0.9859645957219927
0.9793603540697663
0.9797522225645554
0.9823548576112446
0.9747625400461917
0.9804197835642031
0.9743260400565171
0.9818956422597647
0.9788866331586066
0.9809333375395164
0.9767208360927313
0.9806141147097303
0.9801149863942666
0.9830704436480332
0.9778756712807051
0.9814991332533441
0.9805689233108283
0.978376729077619
0.9787178197440096
0.9710335474188896
0.9790408422240735
0.9813147986289517
0.9743849788611203
0.9805560720552522
0.9792792877780759
0.9820217874338161
0.9767266554039226
0.9800933112688766
0.9825606089973019
0.979574095516769
0.9773702704199521
0.980750650083749
0.975423760550187
0.9776767732370234
0.9758391000798682
0.979428678966661
0.9802344063708104
0.9855150316041429
0.98435906242906
0.9773577160181168
0.985037984247828
0.9836676237348294
0.9758817969005645
0.9807219306183519
0.9761715444968891
0.9792900600162655
0.979767760580056
0.9817118442865886
0.9766555223684188
0.9800474426468501
0.9823305112154662
0.9805430159656477
0.9787077250919829
0.9823535033697219
0.979368663534313
0.9768068820167554
0.9805260901621026
0.9808670292237003
0.9833493023983253
0.9790268816551495
0.9798206900303746
0.9788981182899608
0.9767177894585823
0.9798494860163198
0.9818654434922217
0.9811539543702388
0.9827040279980069
0.9798401194045242
0.9846608255944276
0.980548222350632
0.9766941619108959
0.9824341454458062
0.9789037831887137
0.9738037839715374
0.9830739079026684
0.9808887908687765
0.9736704660209204
0.9795450505953304
0.9826168165833156
0.9753738162106587
0.9826125103458517
0.977605095840486
0.9834429963966379
0.9786741527330358
0.9767239686583035
0.9788695167068908
0.9827674030571972
0.987806555150013
0.9758793544553929
0.9778135980091248
0.9814108579246077
0.9781694375575942
0.9783946806674994
0.9771729925536725
0.9751340907249638
0.975460105730244
0.9842605440583105
0.9825921855296477
0.9810430300622138
0.9796409029029465
0.9762052931409029
0.976529835139524
0.9833088491275461
0.9765315420304607
0.9783597188993991
0.9839981189433
0.979140116488513
0.9825437281207176
0.972684855033475
0.9817787803013913
0.979342187337862
0.9827657157002182
0.9803641628904581
0.982479523922114
0.9805657051569199
0.979394528062319
0.9813837437741871
0.9823522358319837
0.9807888867866797
0.9814074522391071
0.986435690977533
0.9780784233246789
0.9819506467771181
0.9812609182195736
0.984001639442189
0.9713933360006615
0.9822850132481858
0.9874649454374895
0.9837222862766808
0.9847845674375728
0.9818563544914757
0.9787127141133332
0.981581091080338
0.9802207641552327
0.9784009887414754
0.9741488719302542
0.9800040461580941
0.9806823435161042
0.9763116710584668
0.9801912958416018
0.9800340766491307
0.980707460380371
0.9810935178626692
0.9806700364368051
0.98072123379581
0.9838221495862541
0.9798719028849928
0.9829159377031081
0.9738421401828741
0.9782098632860822
0.9834434988009086
0.9818125784515979
0.9864929719613288
0.984971270476693
0.97704341424408
0.9855834192812841
0.9801927523238737
0.9795434946251342
0.9818144516815407
0.981535578560933
0.9788009536390203
0.9745775410562225
0.9822561459459833
0.9830438074405501
0.9800338707650731
0.980017809505296
0.9780537045679683
0.9810726228638202
0.9765526821346566
0.9786839485022477
0.9793556411090979
0.9791433057397748
0.9807210671832601
0.9766143932779953
0.9836078486998042
0.9743867513937603
0.9831688620972427
0.9785103575053741
0.9843357474573337
0.9779531775646509
0.9838839822747296
0.9809044030154515
0.9751131444732897
0.9784411629691105
0.9808824044082363
0.9813394047951344
0.9787465043605406
0.9784294767011029
0.9734975409950516
0.9759365223655009
0.9775579736703633
0.9829224832899461
0.9805725114312129
0.9763456447768136
0.9800257985605734
0.9832488726256582
0.9772345675674177
0.9780641184086716
0.9776267478389897
0.9825434866996378
0.9775748031504967
0.9743279143529879
0.9788596831327045
0.9792062815775657
0.9812519372925107
0.9786538511886836
0.9803959009353369
0.9806705949664445
0.9807233332466193
0.9762081406389085
0.9830337813104485
0.9797772904156448
0.982329117951036
0.9815030018932215
0.9825840904884179
0.9835366694801374
0.9800168133234912
0.9782683247509547
0.983310022212652
0.9819152842601551
0.9766655298700286
0.9787541589452999
0.9858208484436048
0.9825231046247173
0.9734148432042413
0.9754450456822563
0.9783254692191161
0.9754104528065192
0.9808789338951783
0.9772172629066391
0.9867462414434423
0.980365228841843
0.9795633892068129
0.9815239061801474
0.9775085384007507
0.9842806453788306
0.977466912438278
0.9832910999850512
0.983650972144281
0.9800899475774245
0.9764124876606408
0.9810873787474516
0.978429222808429
0.981039144034415
0.9817209328688764
0.9796513679614485
0.9808815669400722
0.9779547177567857
0.9809641668388893
0.9677447783847191
0.978257535886643
0.9769954547111388
0.9789947532528638
0.9800144116186711
0.9814502579858011
0.9804529237935649
0.9775799310223549
0.9776265434196114
0.9795280524891412
0.9795649793498933
0.9796100232197089
0.9776733968081444
0.9776204560946066
0.9778303347374555
0.9801721362161979
0.9803971804835446
0.9850169738887034
0.97682514943903
0.9782545358199249
0.9817372952672062
0.978885838491228
0.9817819323241036
0.9854367948884989
0.9809018645881477
0.9768196183821675
0.9842433163436649
0.9764463174445787
0.9772518466696954
0.9815047722678953
0.9768772806551973
0.9722062136608036
0.9822021663444254
0.9808625523074861
0.9807037407801112
0.9849921118009568
0.9839267021786126
0.9838665811814096
0.982003457295954
0.9756926715631669
0.9798054229080033
0.9831946489511024
0.9828492197935542
0.9801385035857149
0.9842224992869872
0.9783801232913214
0.979409406720576
0.9840633293964782
0.974225006150567
0.9802114895961483
0.9786713611034362
0.9762582355247689
0.9816535227482975
0.9859351521641655
0.9791166765548133
0.9852038632266769
0.9838459809652228
0.9818027468998699
0.9767058135473019
0.9851753653857915
0.9799574434749312
0.9805665816015171
0.9769933743982071
0.9828145491687375
0.9779679967737348
0.982986592737616
0.9829471013814488
0.9773055736087816
0.9762645813435259
0.9775558419694034
0.9773238568134843
0.9805169240504128
0.9830518844698876
0.9798851779544294
0.9821559365528916
0.9820963545724664
0.9845821714833343
0.9790232560182737
0.9776673960289729
0.9789736647423238
0.9817756319652043
0.9815532641513652
0.981777790031328
0.9802463722217493
0.9842541082387412
0.9836725416239084
0.9753830044799746
0.9776092625518514
0.9775184165844677
0.9805976021919157
0.980399711046336
0.9836466579761037
0.9793410020654888
0.9798817506127336
0.9764561885183864
0.9788619811137367
0.9793751326975361
0.9821665316203942
0.9743178904570027
0.9756335084551927
0.9829180081349689
0.9831253853196072
0.9776412859618798
0.9811940171815934
0.9834060535981162
0.9820449833863754
0.9796648512425236
0.9793287103564814
0.9817878454485056
0.9852062869030505
0.9857447280236177
0.97987749997154
0.9798896665204642
0.9786673464516715
0.9794675882004205
0.9788369622639259
0.9805717827454095
0.9856596329730466
0.9763451779081589
0.977954897898621
0.9775985574836684
0.9809251515986804
0.9767018227132391
0.9821642389537419
0.978375919277154
0.9815128865079694
0.9766542862531864
0.9827974499952381
0.9765573208928919
0.9771589647458613
0.9798186589718605
0.9840801513788306
0.975402642858845
0.9808800051021018
0.9863213902321397
0.9797988145140877
0.9795593176219703
0.9757955229914866
0.9763276869882147
0.9776885359565846
0.9729899144819892
0.9833598034601323
0.9815325580900989
0.9807270655102549
0.9799614470696301
0.9819645386383045
0.982452026306149
0.9807699556582936
0.9755296569479528
0.978768587347012
0.9820776354302315
0.9800186485156304
0.9749539993219272
0.9833254316396436
0.9788307732964122
0.9823539688037748
0.9819736557812976
0.9789403235000345
0.9747603426650238
0.9819885337624075
0.9832500414779517
0.9858435737093947
0.9789375816306223
0.9826783858782706
0.9791636746383063
0.9804951211225957
0.9820679766608806
0.984738247272358
0.978764306531805
0.9781332763657089
0.9830850931700649
0.9811068016122978
0.9812646353944221
0.9818643610101649
0.9794971820103779
0.9791049226766583
0.9845538860209672
0.9800283702213082
0.9816495657754595
0.9795291421971152
0.9799649338697872
0.9741499200694834
0.9773234506289594
0.9796029450133963
0.9857019143109633
0.9799504324069075
0.9808832058896745
0.9773114921400815
0.9830871128013529
0.9795591853233518
0.9778346393074209
0.9754975169541791
0.9752852968483592
0.9836561521861392
0.9833189927902695
0.97484613048427
0.9792821752685876
0.9788222014906174
0.9797567967698828
0.9792814303640314
0.98327335335647
0.9786000797914012
0.9832816993660982
0.9785430535802572
0.9820036438056933
0.9795732010988241
0.9809730139427318
0.9809652044511167
0.9786458010628407
0.9818307696647959
0.9796575716016492
0.9732303314960467
0.9816553598995799
0.976753296543306
0.9753663414720098
0.9801029396442488
0.9767515292619028
0.9798522894826146
0.9801294277863565
0.9829277245397485
0.9766850527664505
0.9805273941271264
0.9793480030343753
0.9758027906694531
0.9852338635941855
0.9761489945730374
0.9793324850337946
0.9794222296525161
0.9793142109494365
0.9821776347707923
0.9791364743375982
0.9796415836296534
0.9812879436391339
0.9752938370083564
0.979708654301557
0.9796219669043579
0.981809772692838
0.9859315791061676
0.9811338606896207
0.9787544280948669
0.9803311991613718
0.982849653149568
0.9791938221605305
0.979452337562232
0.9816690185839666
0.9830494376873281
0.9795289179936217
0.9852495853278462
0.9800253685006072
0.9807912426975354
0.9778203922411053
0.9819084200932702
0.9851307736774264
0.9797644122788111
0.9815108555909027
0.9776634410582612
0.9753392916837822
0.9841192497568385
0.9809580686289543
0.9813723935029828
0.9822326107189422
0.9822717834057474
0.9835847972715588
0.9798462789416318
0.9796203026619404
0.9822872885003977
0.9809546199307794
0.979396554023594
0.9823898298205854
0.9789857539213959
0.9819231163449933
0.9803681380720015
0.9808145007544141
0.9790626012065211
0.9803168848449269
0.9804128685368725
0.9823978592174563
0.9809539888027762
0.9807669988679146
0.9787261208339845
0.9775381009466629
0.9743635229635689
0.9845260611591188
0.9848989259340746
0.97876437395996
0.9824515510131835
0.9849941998427896
0.9821484332752719
0.9800033424558603
0.9809868629722959
0.9822316916836074
0.9826759305364565
0.9811625643300919
0.9784099095342275
0.9725171906533201
0.9766914298782112
0.9842556509961798
0.9814212984461089
0.9809710573190041
0.9769316953872911
0.9829047303730004
0.9839112712853553
0.9856012052158459
0.9760893675076205
0.9800219380727764
0.9804816864803411
0.975279260880125
0.9751202300045267
0.9821914947053986
0.9770178524742502
0.9810544027488174
0.9825199926347419
0.9829456751707037
0.983465283463315
0.9810910489089065
0.9813612207492868
0.9785666230680323
0.9789895131720578
0.9785390828353674
0.9794799571801098
0.9818888984092615
0.9806524469709211
0.9750561852472523
0.9786968577436719
0.9732384776608655
0.9772960530815795
0.9808752763876255
