N=50 J = 100 NQ = 2 sigma = 0.015
0.9777023719924008
0.9755019233135972
0.9769651272200166
0.9797694602371635
0.9777148164399689
0.9805546243794546
0.9764844217593047
0.9754129053490835
0.976764356554102
0.9795870881955786
0.978452541291052
0.9788830062488042
0.9751393525505355
0.9782548941901481
0.9772930798415612
0.9780442713666241
0.9774413982119039
0.9784578033540364
0.9824113066111706
0.9752305070469032
0.9792340082825368
0.9777446678576973
0.9781666653310763
0.9764068746941491
0.9794548182800379
0.9758371437449062
0.9777068929588547
0.9768432480356023
0.97287935207137
0.9751254980785324
0.977425501197756
0.9781906982034801
0.9764509946376728
0.9776490021284981
0.9807646857941674
0.9810575709140058
0.9780456769253574
0.9788605634935571
0.9799495785697205
0.9788545889688649
0.975362562918951
0.9772153395865543
0.9757131858383861
0.9784932916147194
0.9777560759105338
0.979326180949211
0.9782696127270287
0.9756394670785301
0.9782435011789004
0.9813237885717048
0.9779703657645886
0.9809522392126765
0.9803646503758772
0.9786047620059267
0.9768665639989945
0.9760145235067109
0.9761110783546242
0.9753273977352397
0.979923632249938
0.9778973807120681
0.9748901969808423
0.9779900147890868
0.9773975679070456
0.9789905319062805
0.9778051614202659
0.9791461307935531
0.9812748921058753
0.9783560552040538
0.9763833398049843
0.9775644103353698
0.9781861341067816
0.9776858623850696
0.9800311031771222
0.977087864220843
0.9784937112165162
0.9790490411412256
0.9799146543292871
0.9775504868866437
0.977236754219055
0.9755323726969313
0.9803249171294464
0.9790512626466276
0.9807646980120139
0.9796554611598159
0.9785416476759502
0.9777083836890204
0.9806215433810194
0.9772336252510152
0.9791076409532775
0.9736666877411979
0.9804221985555397
0.9782603987620697
0.9749001449310206
0.9766338552355655
0.9765529829048277
0.9765971271487566
0.9776134852820705
0.9785414768271636
0.9784821009578575
0.9784578197377524
0.9768703194264158
0.9774932943333756
0.9795916902923298
0.9760261583311686
0.9778971536415513
0.9780772829817808
0.9793611067876339
0.9772976808059064
0.9797030737732885
0.9798303411587547
0.9757642483363889
0.9773672574024462
0.977574375457937
0.97912970111374
0.9754021415378449
0.9784490180593164
0.9777489805874724
0.9803984310452276
0.9774986977216326
0.9788465001532229
0.9782461321350765
0.9775778318704194
0.9784113778014756
0.975766437960576
0.98241334048692
0.9766352496682761
0.9753337093891892
0.9781132021873133
0.9772485239372196
0.976019551409737
0.9798969865544385
0.9769084052416942
0.9778480337917577
0.9777585430324152
0.9805058929866631
0.9787723752617228
0.9774811380432412
0.97651455502572
0.9781076497915394
0.976279359263628
0.9805802143742732
0.9809522152546554
0.976787962224821
0.9791007390911467
0.9756293604094172
0.9763136228872185
0.9785705870167645
0.9800854450838544
0.9775902191708689
0.9802912402273646
0.9756429443656313
0.977972662605398
0.9789410515918291
0.9753101150164855
0.9806510631981582
0.9785974166282452
0.9799335894461256
0.9796473860384265
0.9772026781060723
0.9766404036431208
0.976759063210722
0.977074344101998
0.9769900730959471
0.9778287487932269
0.9776351704003077
0.9770887448987555
0.9788778450553336
0.9756787244518622
0.975355957922285
0.976920009297272
0.9750160037557598
0.97637287617165
0.9790885719713884
0.9802173563013739
0.9780690728417576
0.9773075288944415
0.9741933681290124
0.9776813297673458
0.976215269487941
0.9765710726306138
0.9772387685662693
0.978368979385563
0.9836984042004555
0.9767122906773431
0.9775998836547948
0.9782510147323245
0.9792138495032092
0.9807585664932776
0.9804223071101594
0.9791783911032528
0.9786423592753161
0.9825554098068148
0.9789617071726474
0.975252052600229
0.9774258609083805
0.9761979239960206
0.9768692156377742
0.9777846293226544
0.9774678529899832
0.9798990844403493
0.9768540111304831
0.9763810355687111
0.9769119459435223
0.9781580958532197
0.9787759632082365
0.9782584956697785
0.9774628136933302
0.9804689233451032
0.9816425050891033
0.9791563896997247
0.9804539654784088
0.9770602763562466
0.9773794823860171
0.9791782426632025
0.9787287920535057
0.9776090600305996
0.9786069415187794
0.9813787214079661
0.9797461491782858
0.978866469021407
0.9785991256002888
0.9765196458586024
0.975515464448107
0.9793263922222618
0.9793406769809636
0.976077874081204
0.9728324274077761
0.9762135647395672
0.9781480289211539
0.9771828061282244
0.9759419101077939
0.9773822950114037
0.9794529491903803
0.9766270111506085
0.9774646053568438
0.9788294368027032
0.9787100175083695
0.9784476497830283
0.9789292819079966
0.9778616351541162
0.9803557124511575
0.9797717892757251
0.9734007269881455
0.9740224355908903
0.979839891444406
0.9773333815188585
0.9751500162777446
0.9796497910671452
0.9796109140193624
0.977028446649005
0.9764621616747905
0.9803521097671765
0.9786115153719527
0.9781657469419004
0.9766960257586607
0.9790982970471176
0.9784124204739855
0.9788540718243324
0.9745583059389231
0.9765136343162568
0.9785185387750849
0.9790843867794813
0.9792961303477062
0.9736648055706256
0.9800670749665338
0.9764597163502043
0.9761100270447262
0.9770373287214937
0.9776922494882722
0.9743823342829963
0.9778605612458254
0.9807496807922031
0.9805300091951846
0.9783215961484014
0.9771479783806118
0.9791335055978192
0.9770688928783887
0.9770294056301728
0.9795556913164747
0.9746619689445373
0.9789154471150461
0.9740943716241705
0.9770187192567111
0.976721263318564
0.9811063293705992
0.9785354328445863
0.9762238496253219
0.9809970204660078
0.9769684413962787
0.9785821830689829
0.9812163516467912
0.9744075033958031
0.9775036485723192
0.9775975949295237
0.9774749084783109
0.9776685326658012
0.976142696792916
0.9811382854906795
0.976806530183408
0.9803158279523322
0.9762228604760473
0.9826941507507434
0.9764611178130727
0.9784350541628994
0.9768206542623187
0.9755863469202214
0.9766519950170016
0.9784007339822877
0.9777751581699722
0.9809117740198399
0.9779234823867793
0.9793040274892775
0.9781411299658638
0.9783027155294848
0.9771669362856307
0.9737326949206335
0.9790142915631626
0.9770082177859432
0.97927936025663
0.981664712290096
0.9758006669615622
0.976618633073098
0.9791414348028407
0.9768911047605552
0.9766561959324699
0.9786932268609442
0.9797679199438045
0.9789614503178214
0.9749107533919676
0.9773228866672343
0.9784965976746084
0.9764443425109489
0.9795425881957064
0.9803049275541832
0.9783805731409256
0.9775355631761099
0.9775637312056944
0.9798873201918897
0.9808928372122359
0.9761739511984423
0.9772704176215301
0.977714787912118
0.9817453693864445
0.979275430965537
0.9748056882476109
0.9741875189207948
0.9777675300458152
0.9756515406679802
0.9749392229526126
0.9805804777768232
0.9772101065935281
0.9751694988639025
0.9768219055311289
0.9797885278818034
0.9800309433872496
0.9750470240400894
0.9774894653915137
0.9771942269069567
0.9810386249328846
0.9763356277581212
0.9767715425104169
0.977579346573327
0.9745316553340055
0.9785705950381818
0.979642059374682
0.9764838503370101
0.9804628083103133
0.9778125524354215
0.9760874111163649
0.9768376616796624
0.9795589400050376
0.9799312340237458
0.9767652658940633
0.9776236131520283
0.9771660457525257
0.9766318631949629
0.9798154550938923
0.9763664247112759
0.9765619191757087
0.9789530726370924
0.9771774459919236
0.9803693132024526
0.9790502850373543
0.9794007931838574
0.9763066075519441
0.974024380999645
0.9784158872746406
0.9801464315606274
0.9802162135141803
0.9749823859230855
0.978608034840017
0.9793658260487499
0.9795910414381709
