Iont Trap N=50 J = 100 NQ = 3 sigma = 0.015
0.9564883642273903
0.9528090403250674
0.9553436240771812
0.959108167247469
0.9555641953053857
0.9622503075729864
0.9518056968622445
0.9582171758410584
0.9474338611616087
0.9611524535473391
0.9529926685476358
0.952011884430042
0.9512922904705131
0.9536139346392374
0.9615038016432487
0.9504833788918806
0.9584996403977131
0.9564764611219609
0.9522385303415878
0.9562118134267672
0.9650539451218677
0.955460144777268
0.9548137524580622
0.9555585309103927
0.9594420095020425
0.9503139213600373
0.9486771288231814
0.9594960814684623
0.9582172732025674
0.9563902389287868
0.9517686270681003
0.9567794761406972
0.9465188233350355
0.9475965796178003
0.954208005742202
0.9524325654918093
0.9573050834543692
0.9508682583174293
0.9561487900505834
0.9550924251815602
0.9525653301560167
0.9581322225091607
0.9558411094868934
0.9617095023614707
0.9595245893211007
0.9598205280714118
0.9546691336391403
0.9518457772407324
0.9568165202853287
0.9473591845427339
0.9488289468162617
0.9500861114378916
0.953623660201668
0.9459611626937151
0.9601794562578029
0.9535567052633622
0.9642977466374362
0.9593401689700546
0.9636635163024042
0.9630624647556403
0.9482409333916209
0.9559441579996805
0.949135959146856
0.9575819207720386
0.9540256483742698
0.9629470234881886
0.9576577027243173
0.9521745848380561
0.9570666377946799
0.9545982987031104
0.9604773990052129
0.9489802884513213
0.9551603795810082
0.9611079093383575
0.9591409278935261
0.9664214419605628
0.9547133993128419
0.9587808400190156
0.949537410044569
0.9463353585805325
0.9592053035131096
0.9516072746233959
0.9576140727902025
0.9559592254866708
0.9494968255827686
0.9519041673816387
0.9652096209746537
0.9497075733551609
0.9556829519115871
0.9505763987946969
0.9536042455643166
0.9538511636956981
0.9556848578736353
0.9494088398784193
0.9590309229374145
0.9508587934573134
0.9624859538236613
0.9551690328464149
0.9568327122800294
0.9564073189453661
0.9499547909346865
0.9507588849842107
0.9554027732083078
0.9617570848696753
0.9506530570164241
0.9619855093828594
0.9580352784634318
0.9521243458537072
0.9590240346435291
0.943110370858661
0.9544359809166808
0.9565479514919418
0.9580443359493727
0.9547616449869691
0.9592467449761357
0.9549943621741795
0.9570347644793731
0.9581219548263907
0.9550302393949548
0.9655095354569534
0.9589180598445332
0.9571132232750555
0.9620208535630239
0.9550065391866087
0.956748037004987
0.962853818115695
0.9519466727089558
0.9534961081953202
0.9480719854831692
0.9568241383567692
0.9592200941271953
0.9561956874363398
0.9479162796052375
0.9579851554347272
0.9455192291972047
0.9595684916529101
0.9562784844283136
0.9595589227533154
0.9533253221509608
0.9609755064887524
0.9607870341979118
0.9525629549464044
0.9459523753478138
0.9538551405893688
0.9523548487159297
0.9534575926206186
0.952957129306333
0.9546343357158545
0.9564471730975163
0.9533907331382963
0.9556861650210632
0.9485942794462366
0.9638145898700934
0.960828476780448
0.9570433997570685
0.9541953404865511
0.9526901751109793
0.9563447052020579
0.9593775605459675
0.9560099466850663
0.9559188974216768
0.9516279553993688
0.9508394152402458
0.9509353366952185
0.9540765517174077
0.9605773284890711
0.9553847195366949
0.9461276746523566
0.9575605675290576
0.9557788283667215
0.9506430760459746
0.9549099876202131
0.9578462412825346
0.9477541238914203
0.956043838585609
0.9512220375225314
0.9478786080232063
0.9488817247846097
0.9546976880917124
0.9581456834754322
0.9482800928168932
0.9588974820456287
0.954216477844734
0.9549251573819106
0.9610949313645445
0.9597714171288568
0.9595984603997482
0.9599520345121867
0.9549321785854018
0.9541249778759868
0.9513732667135605
0.9513228870298925
0.9585328924566118
0.9552684602664558
0.9515119461567716
0.95994345731464
0.9518502572645176
0.9607911393279513
0.9561851301642266
0.9614194139946097
0.9566296808904845
0.9477281469417673
0.9544120323967659
0.9593185921721324
0.9592867658563129
0.955092406386714
0.9551987511059201
0.9543272170500465
0.9538236070006423
0.9533115841058482
0.9606097027282061
0.94895567702071
0.9519819722588737
0.9519757390785775
0.9609151110400133
0.9587970596543623
0.9605689078626619
0.9520831400215403
0.951542836851713
0.953450715839612
0.9533695423293616
0.962241855038174
0.9584494207878115
0.9534705650242737
0.9572552815021507
0.9478609873996517
0.9518281473074518
0.9648845923527684
0.9480152256526321
0.9593909114712034
0.954571068492333
0.9601271798432026
0.9521514303147188
0.9497302743654508
0.9585893974120318
0.9592699910421635
0.9607476832261572
0.9545344644225378
0.9594499328568671
0.9507587540326083
0.9549508125893971
0.9612211026502016
0.9556452956828732
0.9640251276417419
0.9614002298283555
0.9442404025197563
0.9603092666875037
0.9523733805390318
0.9568398248417307
0.9555174376595684
0.9534131519494493
0.9563645928951705
0.9530195493741083
0.9544826620828999
0.9589154576141019
0.9599375728792539
0.9659515343394596
0.9614895633833831
0.9553576341024288
0.9569080383888917
0.9586589658081016
0.953923694169022
0.9540566186516825
0.9543431461583858
0.9554640233126753
0.9572342054304666
0.9506342520062977
0.9599740922892043
0.9637430448513717
0.9542374396429655
0.9596204102972488
0.9528865797971489
0.9616579252409568
0.9598508429286118
0.9609976704603579
0.9556608802794035
0.9549627451270656
0.9599546867761605
0.9595164095248324
0.9576077194510492
0.9536877727127397
0.9616869542802412
0.9560383273636414
0.959661952493737
0.9505961896368005
0.9615879306329596
0.9555700002174877
0.9552281072850478
0.9516135163325522
0.9582140679814031
0.9625102256478784
0.9614712965155258
0.952604941291687
0.9610802923339208
0.9578376038595906
0.9557465613724943
0.962598066752837
0.9575141590247671
0.9584094219838398
0.9559513446488157
0.9574130593047333
0.9637931971802429
0.9524056197554849
0.9542800352385069
0.9586174680503586
0.963706144225152
0.9503340756371526
0.9569989512749594
0.9532718368639371
0.9545550867317253
0.9527738172975669
0.9554131664762566
0.9551867908176664
0.9590151861513226
0.9582524606221449
0.9592201690833577
0.9524150426362807
0.9592889336217957
0.9567464516564042
0.9581673893099939
0.9578722233939844
0.9565690518404297
0.9580254115044174
0.953993895422409
0.9488355560148282
0.9575404558130242
0.9461791656754025
0.9503267738341117
0.9573735172646693
0.9538276140825579
0.9498623293917262
0.9541259323503314
0.9609612345131304
0.9543171415040931
0.9570323846360027
0.9490853286145954
0.9573035475133191
0.9497328843982613
0.9590180874027264
0.9510250598601248
0.95087154174882
0.9529382989512223
0.955863387669057
0.9575853851552542
0.9608685426401788
0.9531427493585193
0.9522705493688507
0.9577512955563823
0.9534577254240901
0.9526861925121363
0.9540409040840732
0.9465107030028497
0.9562296504650563
0.9542085676027875
0.9512950504121972
0.9584132678645532
0.9555680549109989
0.9532349591216254
0.9550861242748171
0.9561183993091295
0.9499071928470866
0.9506805078076188
0.955331971314492
0.9528995181844777
0.9503729139766935
0.9547484354863823
0.9565158461044857
0.9615608338681569
0.9517958501205235
0.956771755802984
0.9459636992669118
0.9547334390294567
0.9595123481999237
0.9456131214815126
0.9556203926643296
0.952031230636781
0.951453367666441
0.9578557483696437
0.9581352316251475
0.9625583612668416
0.9586521858575137
0.9562620641249413
0.9575170027403364
0.9494381268436618
0.9540530339462961
0.9493425525388693
0.950377051117278
0.9529619563128183
0.9526579749253657
0.9468754174433042
0.956028280458777
0.9546177424066724
0.9599129755789023
0.9595391360754744
0.9563225189240826
0.9521591481648265
0.9540032745705266
0.9608565436504872
0.953002503997781
0.9535868417513756
0.9614107861062375
0.960738405157986
0.9531091097447708
0.9585527408077925
0.953999577530836
0.9597790365640715
0.9609302066288075
0.9524313704409088
0.9572129217147817
0.9548915054503267
0.9586935725124054
0.9551002328751238
0.9568413458627244
0.9579543129538957
0.9591600523010859
0.9548023975001289
0.9575123979550964
0.9583358088884067
0.9569755482958625
0.9560854280843665
0.9549952596058341
0.9556221581881091
0.9559563707781522
0.9577112645313214
0.9560795964511624
0.9623325885038738
0.9608871594784815
0.9440286353521189
0.9514683008495213
0.9538909935772648
0.9543919642387165
0.950416964272032
0.9515706862223086
0.9553199383821898
0.9530227368305644
0.9562364530569585
0.9497956687783671
0.9523577160576641
0.959241736609424
0.9592666788114061
0.9599594906927337
0.9561945727472293
0.9452691444191614
0.9563693720018475
0.9625643482009508
0.9485748067577795
0.9594845913576588
0.9589778421602639
0.9570180885759965
0.9586521741893709
0.9555634289723902
0.9564293378652096
0.9542330003798075
0.961940035172792
0.952678370057752
0.9588368656350403
0.9639055109102417
0.9417365368276625
0.9511781419649985
0.9581788990023812
0.9501473835146055
0.9588647537838133
0.9555427235873725
0.9488535704677231
0.9426842200918878
0.9590265943330509
0.9519552020633796
0.9524265946243226
0.9624089209127711
0.9595634161735562
0.9535447429878979
0.9587894051539924
0.9551281968694697
0.9602889933665234
0.957161711709979
0.9600543992485303
0.9560164162237489
0.9521716251994258
0.959762709301145
0.9527855087538647
0.9459093567836878
0.9548947810332777
0.9563238979397712
0.9610744407693204
0.9579327181822928
0.9635343731024321
0.9498492140036465
0.9573002796889949
0.9576609537101838
0.9494716158419911
0.9614108007421709
0.9517280571041792
0.9588886381935713
0.9546330596662621
0.9534224877603681
0.9603292971127382
0.954269527624421
0.9585244507517231
0.9493953607778627
0.9537886386062782
0.9535319296765912
0.9494870304123316
0.9608689625145109
0.9547671591682212
0.959080438621637
0.967058636465184
0.9556098032283663
0.9555453606326855
0.96066622469084
0.9571235926906853
0.9539932757393643
0.9559473993435763
0.9512649660503457
0.9552051611646967
0.9559431948472797
0.950293104213708
0.9583271656492878
0.9532118565250848
0.9513901079505085
0.9564148491935616
0.9582754769367077
0.9568785666967865
0.9512201228973809
0.9586130672103214
0.9587033502995587
0.9591929260997507
0.9622127634359695
0.9514715999699261
0.9590119459999413
0.9567530706665035
0.9547492803027402
0.9526288564347706
0.9611662636566427
0.948988174800717
0.962377470849469
0.952991232326757
0.9570488419188099
0.9543773630005566
0.9558009982961351
0.9615252807075209
0.9533411488415776
0.9547659843275806
0.951432394449425
0.9551646569273738
0.9562688480951493
0.9659476822078824
0.9551831149472764
0.9495368399401366
0.9596682976420463
0.954152129015619
0.9531919268711281
0.9611428378499295
0.950001266608791
0.9577312941549618
0.9552002680887184
0.9483795183484564
0.9558179992286918
0.9623094410517568
0.9603552286937348
0.9466923457312235
0.9518729979478393
0.9601638112877682
0.9583707825505379
0.9620217270518623
0.960562737748265
0.9476155271064441
0.9549454387257562
0.956987021057293
0.953416065484593
0.9618084980854228
0.9593650933184614
0.9567505261902679
0.9534863697582591
0.9583261268369451
0.9597266475787672
0.9622692922913701
0.9567699611604202
0.9583844801250234
0.958602126717321
0.9528323595730117
0.9589999375789517
0.9528655971390866
0.9574562998169874
0.9508744333290349
0.9538393583965936
0.9580731930062809
0.9570153708491874
0.9554304674260371
0.9499659379143205
0.9542153273505878
0.9537948351895709
0.9559087099162613
0.9586587275511178
0.9501255422959194
0.9546642364202225
0.9592508289972659
0.9550629153125262
0.962638181456649
0.9577005958192707
0.9532499220644053
0.9520146550392746
0.9551389096261315
0.9587871987237938
0.9467283034258572
0.9562215721507696
0.9553401755017031
0.9558592250307569
0.9572736243147802
0.9624430933412274
0.9563222513393796
0.9564071606785811
0.9556736425496203
0.9686367174452835
0.9545531096675426
0.9484416008483687
0.9578863459026639
0.9503982341673245
0.9523480864614329
0.9512529319935955
0.9483114998985765
0.9587697988062165
0.9482039744947826
0.9600398943030892
0.9533261410114774
0.9523395844989194
0.9506284110983186
0.9588600087018619
0.9570145276593243
0.9582852180572722
0.9573456522466656
0.9548971671316187
0.9556851061124871
0.9615180336924943
0.95278193425366
0.9566293467857513
0.956988580552145
0.9571326515448054
0.9646412643040411
0.9541722032194467
0.9595768659931022
0.9571726343003077
0.9495283272747156
0.950272577874275
0.9509583700168248
0.950446286793937
0.9569056944766007
0.9505499422880384
0.9573280279622902
0.9596346809340959
0.9610191286606975
0.9576114114846846
0.956182686167874
0.9584992246271267
0.9590055966212995
0.9429736335568129
0.9579936193738638
0.9501676276404654
0.9617882660625915
0.9538631563108174
0.9572687305107144
0.9634294032146307
0.9471499643961505
0.9585035502654504
0.9501185897685231
0.9583337406435148
0.9482873155127655
0.9622211025171216
0.9597655958012531
0.9541719306128543
0.956669354796096
0.956220413704469
0.9528461357482831
0.9531162330588496
0.958995352338859
0.9540136925384818
0.9540470466591958
0.9585512178846962
0.9621630865716287
0.9648991654544175
0.9487217084933007
0.9583787050300587
0.9509268121885388
0.946503520455775
0.9500027737543202
0.9495299329209316
0.9630078429412289
0.9553704480764911
0.9612621650048397
0.9629247669777355
0.9645087924404379
0.9456081621385519
0.9665386341974401
0.954032126391007
0.9629903356288732
0.9578346750040987
0.9543608336730691
0.9596894671821032
0.959672909842012
0.9453280738132236
0.9579131428911277
0.9621621439303975
0.9633488546413537
0.9496157822656319
0.9577842810383835
0.9629459421767618
0.9533019576329087
0.9571966690878072
0.9584487023478283
0.9553575042084423
0.9579689928693579
0.9579704786803613
0.9621676946120046
0.9548580255563922
0.9499113053632879
0.9537838373075624
0.9626463478042698
0.9590668172540673
0.9593368618176753
0.9550582136459964
0.9638105387476142
0.9545168144999714
0.9593389041688221
0.9577478699027483
0.9534733025970712
0.9597472882261338
0.9529453600769453
0.954871126384322
0.9534895610956169
0.954940580731134
0.9573503261448583
0.9625688949784406
0.9519653519914985
0.9481176351916187
0.9592117616085083
0.9499991100033363
0.9521579327149285
0.9590406013620335
0.9514900858659314
0.9578123309160328
0.9582701987617154
0.9560654538399244
0.9603637287983033
0.9593092968816436
0.9561817559419015
0.9514935911594652
0.944072686106057
0.9605671714756114
0.9515330489753971
0.9486814593332253
0.9554878814186005
0.9545545897194266
0.9673561757870546
0.9553938529135771
0.95186893706565
0.9606439754000161
0.9555438944120271
0.9578995134880722
0.9622652808206928
0.9554254414967741
0.9610868446304456
0.9484147163086523
0.9555049141709756
0.9634517910897823
0.9500362057309633
0.9573839535794098
0.9559018497209099
0.9529527555911425
0.9584291705388446
0.9587504080850298
0.9527434261945502
0.9534845818424212
0.9525980147056541
0.9533558655954323
0.9541657167945492
0.9531102383116429
0.9530450169951138
0.9575652337626557
0.9545943265402899
0.9596151200650762
0.9581786405145994
0.9518470569873988
0.9533306212449041
0.9535992425455733
0.9613529228344977
0.9612205903871175
0.9598504226589414
0.9509908280292341
0.953857788850557
0.9614920910223067
0.9612485794457146
0.9621912530991757
0.9575886042544837
0.9615965870580624
0.9562568179187272
0.9523263035400382
0.9539697070535936
0.95826084547524
0.960516670061268
0.9535370997926199
0.9532234619131222
0.9535009900155331
0.9538124212076319
0.9551566275250748
0.9572283043456271
0.9572735431917151
0.9524412088735417
0.9574823189506616
0.9488157326606504
0.9561053181094141
0.9581711203104041
0.9574115840400614
0.9576411611161835
0.9611981905478679
0.954690527919319
0.95674160417521
0.9455381523565208
0.9597818366801653
0.957038453245353
0.9518784024037172
0.9602950858413537
0.9506803078577
0.9547232390039677
0.963661400786948
0.9600570862247332
0.9526636927303714
0.94870875323666
0.9589318773375893
0.9577174509370411
0.9553070280881165
0.9553379065201242
0.9476075659764901
0.9473930235050916
0.9497827255523567
0.952390272916376
0.9609695205881654
0.9604587048882994
0.9566722559951285
0.9598252340526569
0.9569905792969712
0.9519462290989368
0.9504943722611696
0.9499933736750427
0.953880852095962
0.9560714882324214
0.9483449485509966
0.9555523398286305
0.9556791702002257
0.9518842626852917
0.9539459605390328
0.9544755148867909
0.9602625110550287
0.9567343522436729
0.9511894855495272
0.9461911299707846
0.9574367941454702
0.9605157678038814
0.9612937203044207
0.9463912010875768
0.9613273746064324
0.9536666451406814
0.9546105940149112
0.9502342097591564
0.9579912222440079
0.9545903753325657
0.952311584045098
0.955462147161003
0.9546079455686991
0.958995769998605
0.9596381417611961
0.9589317146179114
0.9598872428213003
0.9592464091878691
0.9536049392700899
0.9558898573466782
0.957116868420753
0.9460156760315115
0.9568518752896265
0.9494888217832818
0.9514206077149371
0.9564156673693102
0.9551392066193058
0.9629130190226256
0.9588140339429522
0.960003695454575
0.9581313095877674
0.9531603456099214
0.9627181632202786
0.9561299612483579
0.9627220563389126
0.9531139109104533
0.9568574698917921
0.9570183472895097
0.95060950442487
0.9533927207980232
0.9559609436431872
0.9559835200707636
0.9571536333515597
0.9548403951466399
0.9585190935047659
0.9484904429633503
0.952009924849092
0.9528536492875616
0.9562810307984454
0.9547762358602359
0.9540862443145052
0.9556666877411955
0.9459657872264569
0.9568003643970165
0.9534333508057657
0.9585185898376474
0.9589420005444711
0.955008328174613
0.954541159922488
0.9531800474529716
0.9524600490867386
0.9636056276088079
0.9608710337699865
0.9579661875659178
0.9595897358075958
0.9546900379490504
0.9556842174127093
0.961880260105628
0.958531370451863
0.9569207960971076
0.9517173908442572
0.9585248221983862
0.9532183729602249
0.9605921038996287
0.951487318186116
0.9481062112861328
0.955549608750886
0.9475400673723202
0.9508558369127903
0.9580342400313545
0.9525600370070495
0.9533717854756483
0.9534970962310024
0.9595900336848138
0.9610615925321678
0.9581005746625195
0.9647259754147294
0.9546893849162335
0.9553727712537337
0.9606064504604057
0.9585194975764162
0.957027283729835
0.9560891549155146
0.9559738454549896
0.9563358358586183
0.9596409791958577
0.9540209197736886
0.9611103571079249
0.9493032249193339
0.949828088543811
0.9547196191000346
0.9510284523208847
0.9561547059572093
0.9562148405873019
0.9582920346820138
0.9602509337641917
0.9590485549749108
0.9551056712141892
0.955037703230953
0.9623793414237931
0.954156033323491
0.9501501322998578
0.9589334516682526
0.9513023447848253
0.9568345215020012
0.9594958191174143
0.9589300558070873
0.9554352189217014
0.9529993981603095
0.9531951232839353
0.9601750179112861
0.9618147657011531
0.9620891478663403
0.9548441440553674
0.9480189059105615
0.9584399978645911
0.9520789241080814
0.9611833978809696
0.9501046677294842
0.9519669483055931
0.9461756622690666
0.9565330023628976
0.9542537905349684
0.954579019740755
0.9610714452424098
0.9614453525078723
0.9492666459021555
0.9575365649412
0.9396727114279021
0.9589801639819217
0.9523276591444197
0.96389382607271
0.9536344299361277
0.9538884346784671
0.953801373778931
0.9590062420492977
