Iont Trap N=50 J = 100 NQ = 2 sigma = 0.015
0.9696005476456685
0.9652017717975444
0.9655905331261683
0.9647081868413985
0.9715497908184726
0.9542860722407863
0.9649550571462571
0.96797854462877
0.9626425911167121
0.964192312836922
0.9659748482237941
0.9663149562389477
0.9654732264628099
0.9692610871618949
0.9647355107973743
0.9649811146306132
0.9683100431799271
0.9727429537117349
0.9737693165668074
0.9693300103720733
0.9616401109191633
0.9651772853287696
0.9620701912987483
0.9736248094954049
0.9634149259523622
0.9643944620217202
0.9687774258123081
0.9670832577663367
0.9660812605417596
0.9623273206164685
0.9685931214438352
0.9653821902867193
0.9720505255167883
0.9614862585714292
0.9695111285882221
0.9671641328845318
0.9667739289673591
0.9661094197960769
0.9692393859176867
0.9602730550417486
0.9666927063213814
0.9640255843860992
0.9633911263827194
0.9703102495099551
0.967346620301152
0.9619004125100744
0.9743802498672653
0.9689526983891672
0.9617880784062066
0.9664046392294314
0.9551355291033476
0.9647675149559263
0.967523513684434
0.9680554712984235
0.9617149266430297
0.9650781566461155
0.9723692306309151
0.9682593653936901
0.9621967296506807
0.9682171947513631
0.9674216007569051
0.9596264485574497
0.9715807050690206
0.9616470979630272
0.9696896362957463
0.9633505221230846
0.968936356173994
0.9661256026758354
0.964298616225033
0.9719355765390044
0.9654426787013503
0.9672553782994148
0.9627527393632299
0.968805611740104
0.971987863163193
0.9636426157301912
0.9637011863138395
0.96984930872052
0.9708291949796546
0.9749257274407976
0.9726701619251203
0.9683977087253086
0.9625855554773214
0.9684333783159558
0.9732554854151982
0.9636122017969793
0.9581849622703583
0.9706538040300932
0.9694986208584955
0.9692671915259394
0.9716389118091017
0.9672629050986624
0.9703566394258809
0.9687787857853372
0.9674603386711625
0.9682210159622109
0.9715422115417341
0.9654785554786577
0.9711903711671173
0.9735555763094665
0.9702930665472018
0.9651538833313181
0.9680416596039879
0.9650173883657212
0.9704696834802636
0.9619025827085614
0.9663468936691687
0.9641292345846805
0.9690764388769969
0.9731045073163636
0.9718159391652563
0.9711362881914214
0.9696638459241611
0.9628690333381364
0.9699013285755828
0.9730724646472596
0.9656314539077355
0.9691054713380661
0.9611890459170485
0.9670859484719475
0.9715327989093241
0.9662049435956965
0.9711788353573975
0.9699023728953129
0.9669078283487593
0.9718738043544813
0.9740638312852975
0.9639950945379883
0.9615753461415784
0.967587570012094
0.9674627422008959
0.9690401535325666
0.9662474272288886
0.9698182993238136
0.9680876016480044
0.9672888816945444
0.9719381897153044
0.9721940135926588
0.9665427785131484
0.9659684443891101
0.9723538404716883
0.967167445828455
0.9667381452521114
0.9641411857137514
0.9701044982736218
0.9688041041410493
0.9663925608712317
0.9646669877147975
0.9665411498868443
0.966500197785315
0.9674865565151781
0.9730736603671372
0.9671109445179199
0.9662986940799416
0.9691287789543582
0.9663781705944696
0.9690680838703903
0.9656223997234272
0.9666413191601088
0.967776281441635
0.9721072092123225
0.967035347683003
0.9698115300167607
0.9690670393900045
0.9727971359814274
0.9664763712612126
0.9721529721015152
0.9715049324222956
0.9731695365993173
0.9616854986284662
0.9658386271209222
0.9714938368109423
0.9639930403677317
0.958856401654158
0.9657990237404954
0.9613597459130722
0.9689465148708705
0.9667268214790232
0.9645449357280705
0.9677417806610784
0.9667398273514293
0.9642026285613327
0.9711136137207984
0.9626975602856297
0.9706954862831665
0.964979990866631
0.9657061523221767
0.9685523040065435
0.9703278663663046
0.9716976152966891
0.9705462237633333
0.9647139459850833
0.9702815481388033
0.9656721332305587
0.967224236305349
0.9590738943979737
0.9621136724683513
0.9704674868126153
0.965431058880031
0.9668037568916718
0.9675647753852701
0.9720472371120487
0.9742172793775303
0.9670796199714775
0.9660638208441091
0.9654445108987951
0.9681567436339958
0.967999964434877
0.9635001196183097
0.9676260219001314
0.9697036200239093
0.9649747701276189
0.9687754544174016
0.9691793892883389
0.9648074885453422
0.964259682737097
0.9698578724255235
0.9657449344952366
0.961963712788964
0.9617674223573393
0.9690458839460006
0.9679848256843568
0.9697482429253468
0.9669945242888248
0.9741098549944848
0.9671410074204041
0.9626786035638206
0.9625133034204955
0.9652727612196176
0.9649498511338527
0.9665192341471506
0.9675603765824587
0.9759339259635215
0.9719200944737524
0.963781031007721
0.9689825935215068
0.9575372758263014
0.9694494045049312
0.9640887412850292
0.9718025529257497
0.9736313328169974
0.9686598046862894
0.9670496435171999
0.9714097656400176
0.9691440916959648
0.9671613702760729
0.9708095900174921
0.9686849559211501
0.9698011081013178
0.9699674298079589
0.9761927377358228
0.9696390488618536
0.9693003731304334
0.9636029859780868
0.9682419086890881
0.9645994198442683
0.9595205531752764
0.9616974060170768
0.9655081328842864
0.9622666556641133
0.970643872490841
0.9693310942449413
0.9756795443994318
0.9689458160874663
0.9665497249729736
0.967452505648231
0.9685750434863223
0.9704373690646748
0.96611160903412
0.9728247865458723
0.9667293958913672
0.9708709584340517
0.9670207137665812
0.9668833517162472
0.9706998363275754
0.9688754633045122
0.9689446583259195
0.968661421485369
0.9671653878520989
0.9693210527140762
0.9627488965937455
0.9678488754975325
0.9681953699366539
0.9641515230236518
0.9692910404133467
0.9642682709517912
0.9661064403427251
0.9642886888561235
0.9646132291819748
0.9703899038280086
0.9656600278059847
0.9638258899692848
0.959319697275304
0.9607851342651866
0.9775397679251104
0.967067732539493
0.9716923262598834
0.9733122569549272
0.9641604419544499
0.9644253885566123
0.9690281726617124
0.9696714743555234
0.9551731226054438
0.9741885769448241
0.9680799433207911
0.9631459022736171
0.9611612365908343
0.9653033413116365
0.9709098820845412
0.9623106787720046
0.9660588318329169
0.9695582115441271
0.9676452773847601
0.9716698387207866
0.9605551382691587
0.9665551128496819
0.9604238168982233
0.9600287864219803
0.9721277234825543
0.9595131168620015
0.9670512628959449
0.9669178042874151
0.9682553995645453
0.9672182271282037
0.9684151363033722
0.9673333493080638
0.9646173116900671
0.9651872423902412
0.964473590383476
0.968548360407014
0.9723823090207395
0.9701606244774003
0.9661054382813807
0.9651874417019115
0.969444389348686
0.9630697598682901
0.9687647678820757
0.9727358253521203
0.970493931510417
0.9623685345312483
0.9664531104340185
0.9693549950018877
0.9649069250467724
0.9679697799306333
0.9681499216694182
0.9742960460029635
0.9689191758130381
0.9663138833282936
0.9673317417938818
0.9673701145650634
0.9640222439018677
0.9625539600379657
0.9738207638722607
0.9719866286941268
0.9711617455254958
0.9743428496569833
0.9675937196881853
0.9650787815709162
0.971114702838496
0.9661983401020499
0.959623946477995
0.9654554097367223
0.9641080061629056
0.9737383940479417
0.966496552872628
0.9675211608013154
0.9638705062360147
0.9678833070218622
0.9694002454078027
0.9668284553710386
0.9697069257648184
0.9679404664803382
0.9678637704573799
0.968989934980079
0.9700140548388357
0.9665877592799541
0.9712194531106756
0.9718154038926302
0.9635468129737592
0.9757920683824374
0.9693520992991239
0.9616833339258305
0.9686982382786665
0.971083972912451
0.9618303234177416
0.9666001709192584
0.9705099500881097
0.9653946163234504
0.9675546186831266
0.9727919917637716
0.966762140918403
0.9718542136794028
0.9701524963203451
0.9740466587987084
0.9717977266035401
0.968389917410128
0.9605727235413793
0.967718921960017
0.9645591898739684
0.9684405947667135
0.9692522475017852
0.9626715527840645
0.959303917726405
0.966785760038316
0.9704964912927224
0.9689432947405243
0.964595184743779
0.9667887066572065
0.9665674901677147
0.9609270320859986
0.9657986529286258
0.9684609000927381
0.9628730091771104
0.966371325274384
0.9623805929648306
0.9681522722909921
0.972518683239526
0.9718018537437985
0.9648244365461237
0.9666164052267052
0.9671210421465792
0.9709288960549479
0.9688213663414875
0.9704744370836244
0.9671099809002945
0.9695452910082092
0.9672266880099774
0.9689837440390399
0.9702848284085688
0.9700795991063222
0.9645947328764681
0.9657220144769902
0.9636358541401551
0.9683938906615467
0.9720221714449443
0.9721351099399924
0.9702633555157049
0.9687911296357353
0.96441503701449
0.967605347565817
0.9688853027590406
0.969574173706491
0.965159835924223
0.9627356647798198
0.9677620552195383
0.9635413012015437
0.9727532278981306
0.9634346861566773
0.9597612533093403
0.9715716061265306
0.9656569539275323
0.9726569790998444
0.9680694157901493
0.9666663997843012
0.9720545487041358
0.9654518715226007
0.9656815467769687
0.9666813371755535
0.9699385273792451
0.9659334003830291
0.9680515374556168
0.9670467129278584
0.9712427771901608
0.9706977220344315
0.9706610367537345
0.9610578096700039
0.9736797029184702
0.9707733072106862
0.9671265531689304
0.9691072668167628
0.9694517183632524
0.9682748548875731
0.9693501973135571
0.9753410306388619
0.966305165373253
0.9679137509500868
0.9673434017896685
0.970256995643402
0.9693327944976835
0.9647480301718581
0.9654998497418318
0.9685159106082928
0.9635972412334693
0.9638181008450702
0.9692038855965677
0.9666477959356382
0.968943088464926
0.9620462473587328
0.9675779827163835
0.973351321621464
0.971799795225704
0.9714324248232244
0.9689361703064705
0.9647279968884955
0.9676176353792697
0.9613150425700628
0.9696535612878056
0.9681425662727858
0.9717942887523873
0.9627664549746118
0.9663932696060092
0.9694491871963161
0.9718043995676395
0.9729599789357113
0.9702956961178387
0.9690341409747775
0.9630865580058955
0.9624680965643283
0.9597000923915732
0.9701008854449085
0.9652298156171628
0.9617016891079554
0.9780826591110299
0.9664690253736761
0.9698614681576251
0.9689207001267495
0.9602400536727265
0.9682469849358596
0.9647624794712084
0.9679004975261251
0.9716107654883026
0.9696156679974124
0.9645029292534804
0.964323829354055
0.9710511371684436
0.9682717049383434
0.9738147210221961
0.9618310254221172
0.9689386184886882
0.9656806290202944
0.9696185928309723
0.9619909686005425
0.9687605123513403
0.9688881000017782
0.9658314711322216
0.9666487306014888
0.9665196048547162
0.9609773155624566
0.9656866520585922
0.9680237754322502
0.97268616430217
0.9645160936386535
0.9632729458864057
0.9673723644651722
0.9721713313974254
0.9634247442357153
0.9710677161276409
0.9732454600720534
0.9687443911293165
0.9672200001446376
0.968184101886496
0.9725574134526443
0.9705273070765839
0.9718774780996705
0.967249432411101
0.9731017321055337
0.9677636224878529
0.9727390543636176
0.9645085147930768
0.9616620315950825
0.9649337616331166
0.9619317147260671
0.9659145212814777
0.9713115242588661
0.9626467596069317
0.9631263755374474
0.9712818701870702
0.9683411375011858
0.9646204396335496
0.96963529424902
0.9675402072148566
0.9696096440393995
0.9666008775303995
0.9680800311973679
0.9720995684403948
0.9707489546947423
0.9703608484704864
0.9668856206959855
0.9626603445451408
0.9617417379569089
0.9659540228633889
0.9683341537175238
0.9658164943522897
0.9719849802197938
0.9683280465015858
0.9680312682177054
0.9708036101999354
0.9639832223543067
0.9666619361908755
0.966239765188202
0.9716696934720833
0.9653502801570508
0.9672838182972363
0.9702472158259929
0.9746673684251183
0.9687563118575107
0.970041687857938
0.9604679807259145
0.9681130091304366
0.9663182430543418
0.9644023203557793
0.972698003094646
0.9664700078522064
0.9669498934245131
0.9702139382505776
0.9702971859616997
0.9698649707575071
0.9688970771325286
0.9656624177128253
0.9728003322881155
0.9704260977994984
0.9684863084614244
0.9675182786814476
0.9693950700988746
0.9738014351922881
0.96802035447378
0.9625087787189289
0.9711548838487204
0.9714553722350626
0.963586960908248
0.9735235412583865
0.970733685175633
0.9673137193643265
0.9701709320146484
0.9722739579786502
0.9639313560762902
0.9744436419404154
0.9694693085412688
0.9656840711736908
0.9639722882986099
0.9669493967570082
0.9690551470884734
0.9645639498465076
0.9655686792537782
0.9688631037016903
0.9715844737643167
0.9614583580150924
0.9598588182256177
0.9662026051576993
0.9685964790524431
0.9696005224189918
0.9696470285619344
0.9689764838337085
0.9671988933706523
0.9611135132106277
0.9653426525305435
0.9643515064342831
0.9661608286733291
0.9685722771467699
0.9627881431798734
0.9716339662924516
0.9595571304315064
0.9618688071582038
0.9728477931021721
0.9675929654563531
0.9675765257155671
0.9658830482185645
0.9699384952237928
0.955525896408382
0.9711669337790454
0.9547525371454458
0.9668574451246621
0.9652952628152529
0.9634536861275719
0.9674469796609603
0.9680815555585504
0.9696206762916283
0.9712944687005353
0.9698913153212051
0.9598883819748382
0.9732912207857695
0.970142311737855
0.9652585834306369
0.9683981638557448
0.9689928501432041
0.9684389831092578
0.9674964592611335
0.9651216077412544
0.9687882178670324
0.9735506289698754
0.967013327343132
0.973009428715324
0.9644520558987162
0.9715698610173087
0.9675552602335824
0.9677535398653778
0.9652802585362104
0.9710610337302328
0.9740038888324863
0.9666701264750835
0.9652297650235504
0.9746937704872961
0.9674879282100077
0.968949421774051
0.9691145773991526
0.9677662794135574
0.9643363505732043
0.9726434427355123
0.9705880590276061
0.9703284181781264
0.9698278585400059
0.9624870075176181
0.9648949935147876
0.9690757190040472
0.9663841990523255
0.9704668434533623
0.9653344572072196
0.9684858056073351
0.962362376639825
0.973407425957021
0.9611873639125805
0.9671888364179915
0.9714069812823523
0.9668299055701248
0.9691302735239438
0.9644649232212293
0.9602044519281959
0.9652268922639761
0.968157103415884
0.9680667653264154
0.962494518990479
0.9708946591152682
0.9628389471174299
0.9640710428199246
0.9699732025770534
0.9696016742075544
0.9680588813080684
0.9664605800758755
0.9669522310110756
0.9657556339887357
0.9729388235477038
0.9732690688647934
0.9727660875005391
0.9734585441091579
0.9661158030737557
0.9646316222808795
0.9706478324266925
0.9726092929091465
0.9636162245478823
0.9660449453542627
0.9647253915002891
0.9710620327907548
0.9656192392598995
0.9681165907051927
0.9615546924717697
0.9724432983954457
0.9608274990208991
0.9685566023588756
0.9675018682061668
0.9694977115414845
0.9699954395610283
0.9762508825688931
0.9604369020474727
0.9647265689748368
0.9655539546060224
0.968203583132825
0.967314949899929
0.9694279747147921
0.9649472399361827
0.968069283955038
0.9579956143653439
0.9669725062930749
0.9681565489458278
0.9661419838414342
0.9679518770731002
0.9651432502395313
0.9693486457203186
0.9703950702067837
0.9620546376223449
0.9637573759689886
0.9679357668927681
0.9639812590714201
0.9697725535822305
0.9649495241573749
0.9678357906618339
0.9613991534635457
0.9716130795757317
0.9686342329670582
0.9644038558675923
0.9726588697204157
0.9690536340310342
0.9667875437115042
0.9714476028743584
0.9738913045087751
0.9679939711904895
0.9618909575824931
0.9691982575921178
0.96728941504752
0.9663272183897224
0.9736662821354594
0.9614187738634955
0.9681959038269744
0.9676341485642272
0.9705844560949362
0.970080148181275
0.963894771934521
0.9737880200319559
0.9676606586237227
0.9648278696865056
0.9621408199203653
0.9725735600900209
0.9724346364834472
0.9722955766460347
0.9668781385279063
0.9680424970699764
0.9648721220269597
0.9740467136420996
0.9630176881836863
0.9648662490644406
0.9651551004133908
0.9663926715498193
0.9628002127664561
0.9699808025261041
0.9687527573463209
0.96603955678229
0.9753142473179147
0.9713349921690064
0.971334365085991
0.9681085457293679
0.970542458089465
0.9668499043244663
0.968730114868814
0.9707939518583274
0.9685864294801074
0.9683040496173092
0.9625181666737385
0.9625219896254096
0.9739574857906093
0.9699616214516079
0.9620621005802608
0.966812275929779
0.9702518312440713
0.9658663253183495
0.9615962877134568
0.9738891876210809
0.9728867743178091
0.9685869513402701
0.9639689685326122
0.9751401883856431
0.9649518743274692
0.9611666014230309
0.9656513860466118
0.9657333561659387
0.9676771277361396
0.9731267413856277
0.9649965966101953
0.9702758219427158
0.9718177886647424
0.9633952950444236
0.9683999368797204
0.9690096589165639
0.9644187127826395
0.9689074251504982
0.9704834610471573
0.9652722718943724
0.9680095972177358
0.9706276955534041
0.972768180589769
0.9704177165773971
0.9629947518228152
0.9616205880336878
0.966291536091333
0.9664389184557167
0.9606017961857485
0.9725842161863908
0.9714192176930943
0.9662548495939026
0.9623479001984536
0.9671840296240464
0.976314390233061
0.9698281550502449
0.9626234499614532
0.9679841332607043
0.9699948674967956
0.9712263473236323
0.9689173321571097
0.9676778358150366
0.9645586550727653
0.9685538398106295
0.9682690735398761
0.9713450632114287
0.9680745013488629
0.9677537177819397
0.9670824859066397
0.9637690490742762
0.9628885793747508
0.9645381635748375
0.9704659440322425
0.9703734713774758
0.9714405363756352
0.9690427467410778
0.9623404562191635
0.9670591887542885
0.9724112220524878
0.9636216395563904
0.962466210521725
0.972626517663364
0.9695865259943156
0.9708553756826436
0.9684701975426596
0.9686999352302137
0.9637943443573752
0.9601436589397704
0.9696993680457037
0.9687013807406548
0.9635467808776833
0.9697392926930638
0.967706704030451
0.9701841937795888
0.9731091945022196
0.9675019245491998
0.9651260073833514
0.9659760632995357
0.966756869290927
0.9659765652035948
0.970237205436191
0.9618699810635394
0.9721694694327495
0.9637576917701165
0.967350319024286
0.9702027451798361
0.9659853434754667
0.9640429387470255
0.9646532331514723
0.9623335378954245
0.9730005698009129
0.9707566638154375
0.971616267257264
0.9625071792691042
0.9694876572029624
0.9690792152473482
0.9674932259889641
0.9690462164267647
0.9618762245973704
0.9683053951096785
0.9713920923610416
0.9682275181427785
0.9729263925511192
0.9691052212885607
0.9756272287975152
0.9712744487891882
0.9631332204077347
0.9594908409717234
0.9696244821837694
0.9640469864270169
0.9734986810961614
0.9695691954681496
0.9676458571841137
0.9716897618357966
0.9677091043404795
0.9589105474075836
0.9734680650777456
0.9675037162634403
0.9678443265724213
0.9668787852559825
0.9664715128762766
0.9776721162155166
0.97129876029352
0.9705552819181326
0.9670222313526462
0.9635166811727387
0.9668460369500118
0.9684642938517074
0.9697096687773107
0.9656093783480688
0.9668240326489584
0.967968067623515
0.9692797679629659
0.9615316292962032
0.9715460658876031
0.968297762687589
0.969006968202089
0.9642270186381835
0.9714398227777687
0.9724409377067676
0.9706344543931595
0.9655899392640039
0.9679360328386992
0.962013222630231
0.9704041538258611
0.9688517431618722
0.9662074025998707
0.9693439664284688
0.9744650233480202
0.9669987387430582
0.9713950040973748
0.9651455326272246
0.9711680753199198
0.9665764023867751
0.9665208437643703
0.9647719800188562
0.9649731509585804
0.9670972165247111
0.9682952067159237
0.9704783412891022
0.9663388027332859
0.9665500353622575
0.9719384226670625
0.9615642796858388
0.9711368008408406
